390 6
365 8
299 2
373 -2
287 3
388 -3
71 6
160 -7
177 9
221 -1
5 10
54 -4
53 5
1 10
119 4
280 -5
363 6
165 1
176 -8
150 0
89 4
109 9
232 7
344 2
39 5
351 4
129 3
315 6
68 0
79 -5
29 6
303 7
151 10
234 3
262 -7
2 2
319 -5
8 3
21 9
353 -4
259 -7
237 -3
58 3
324 4
75 -1
386 2
247 4
52 2
84 1
9 6
356 -6
387 7
293 9
217 -5
392 -8
355 -8
272 -10
285 8
288 -8
230 1
219 4
158 -10
32 -3
88 0
63 -9
307 6
192 -4
292 5
189 -3
169 -9
163 -8
164 2
174 -7
254 -2
59 0
277 6
210 -4
147 -2
395 -8
91 -7
275 6
278 9
367 1
196 3
202 5
347 10
335 -7
394 -7
55 -7
86 0
242 -2
393 -5
95 -5
375 7
161 -5
368 9
327 -9
138 -8
311 9
354 -9
49 4
251 0
348 -7
270 0
144 -3
179 6
256 -9
135 -5
218 3
26 -9
370 3
316 -10
70 -10
133 2
142 0
271 -3
82 2
358 6
36 2
194 -6
305 0
3 9
193 7
113 10
300 4
182 10
304 -5
104 -4
148 -5
341 9
65 -2
261 9
83 -9
231 -9
22 8
125 0
44 9
391 -9
143 -7
308 5
128 1
233 7
372 -1
33 4
77 -5
279 7
99 5
19 -1
130 6
381 0
17 -4
175 7
155 4
317 3
20 3
43 10
380 8
208 -2
222 6
98 6
42 -7
197 4
241 9
244 7
67 -5
213 -10
190 2
56 1
340 3
45 8
180 -1
321 6
228 4
376 7
342 1
146 -3
267 -7
38 5
97 -8
318 -9
313 7
15 9
302 2
10 8
338 2
100 -4
199 3
207 -7
366 6
85 7
236 3
226 6
310 -2
156 5
215 4
345 -2
389 7
359 8
93 3
170 -2
223 -2
184 -7
167 -10
252 4
322 7
132 -7
25 3
159 -5
291 -3
60 -2
61 10
336 -6
352 -8
35 -7
235 1
212 5
301 7
328 8
102 0
238 3
333 4
265 4
66 -8
74 -1
191 1
40 -6
114 -6
281 1
314 0
178 -10
81 -2
357 -6
369 7
396 2
214 6
73 -4
211 8
173 6
195 4
87 4
111 3
343 6
331 7
46 -8
107 10
188 1
286 6
298 -7
14 -1
224 -8
378 2
140 9
200 -6
362 8
309 2
137 10
152 8
349 -3
127 9
377 -5
51 6
181 1
257 1
266 7
18 -10
379 -9
69 9
116 6
101 9
283 1
187 -10
103 -5
273 7
141 6
57 4
162 -8
225 3
90 2
16 -7
325 -4
13 -9
290 -6
6 4
243 -10
229 3
276 1
385 -9
284 -10
94 -4
145 -7
80 -1
120 7
108 -4
112 1
248 1
330 -3
329 -7
306 3
172 8
360 -6
166 7
334 7
37 -4
323 2
294 -1
253 7
117 0
62 -7
249 -4
139 -10
227 7
30 5
255 -10
320 0
76 2
216 -10
105 4
350 4
260 6
339 8
23 8
171 -6
258 9
78 -2
115 -8
24 -7
157 10
123 6
149 7
268 -3
326 9
183 -1
264 -8
126 6
337 2
186 -3
250 -10
289 -3
282 -3
240 -5
361 -8
312 -4
64 -6
121 0
382 -10
136 1
12 -5
118 -4
263 -3
122 -9
296 -3
364 -10
206 -7
92 2
106 -1
50 -5
185 -3
47 1
269 -9
209 6
204 2
28 1
124 8
383 8
31 -2
48 8
239 -9
96 -1
11 9
332 -1
154 2
384 -9
346 -2
245 -5
295 1
201 -10
205 -2
7 -2
41 -7
371 -3
220 7
198 0
246 -3
297 -3
168 2
72 -9
131 -9
110 7
153 -2
203 9
34 8
274 -3
27 1
374 1
134 1
4 -10
